 81.019756959203747 -0.24647068258400448 53.001506201026736 -4.8813938766354159 42.061094441343421 -9.9536086741920329 18.061001174379342 72.878121009181328 16.757591604840254 52.706566427130866 53.417805252705961 91.131736823895309 1
 67.281901332808488 -3.4521095935884074 44.394048571163765 -6.4641765439286916 30.73343814024286 -14.561703488955343 14.793258428258412 57.997708970331225 13.155526635618273 43.452327330138139 40.889212235215247 75.71112320125242 1
 88.047470516406648 8.2848167010917209 60.973078173489206 2.5414296529979521 50.355504137894314 -3.8851213618270215 26.157398209609177 80.26611579116728 18.130415534513538 64.916179215660705 59.894454082303781 89.756203396660936 1
 154.54287118010092 28.65490398561683 114.11002007423994 12.774266042984609 114.70679738642443 30.496786506364757 58.303629750737642 153.47668878695103 33.020297935518634 123.7735393899287 126.50842248021507 147.38252786202048 -1
 121.2018801386487 15.099349972857008 81.446831767381468 5.7117114878428286 77.487977034460798 7.006636787550085 33.795985172041973 116.40117865447672 26.290381166656633 87.037975668932674 89.86116210766248 126.5509998956075 -1
 50.440100270180352 -6.1872373147538031 34.392159070234655 -7.8996768807104401 17.647967952677106 -19.83225920618202 10.966473287482922 39.867143100549512 9.2838762610049415 32.849161958522117 26.722620743862961 56.674009085178717 1
 114.44466353226879 11.956609987714002 81.843125574270047 1.6585188966567066 76.157817359001086 9.345679132083653 37.393406810102661 109.8995635043342 23.893661457612072 85.552191055362329 87.924427666725663 116.27803490420912 -1
 178.46985094546227 39.382465870915432 122.69910364995995 24.426468160175286 127.65999375646466 32.615808421835858 59.160615396247366 177.68948657145589 39.217305541301577 138.25835250591288 139.35309113877179 173.26049114815885 -1
 128.89604276828587 17.769613408484162 85.564105471315003 8.1847719121396949 82.892801147056872 8.9756733005533729 35.618770339664884 124.39452982485814 27.975082260730321 92.542638267796434 95.236214012483174 134.12345657706882 -1
 175.82996757420071 37.268640123259949 127.83382961041438 19.219242095505219 132.25591868065081 37.8356598679798 65.329537933381388 176.3681220975748 38.006391369427583 141.47073600056171 144.5807801944604 166.45050778405528 -1
 64.127149169468979 -2.5845480177967697 42.807989781876522 -5.1156723110601519 28.416535538047789 -14.960703796433192 14.859594615573963 54.459177765441474 12.437797675808088 42.473664955155677 37.809106331193121 70.666465055474703 1
 57.380233817284719 -6.1300396518642222 36.249773506179878 -7.9724041615400667 21.218829870282619 -20.018404049830064 9.2420621915963324 47.17138951995446 11.390037425420463 34.376285701250239 31.507699260913128 67.958553522067831 1
 70.829337543390452 0.20296971042796783 42.803442355222181 -1.2237899518161008 29.982044561006141 -16.677322194664033 12.297225596510767 60.858939156282155 14.364252843618463 44.453343752867234 39.472966501151909 79.885173872170981 1
 63.207824532242746 2.5244143320260366 41.393299664528627 1.1593408893882817 26.365647626595269 -15.909721353582599 15.38071190752215 52.654916219683578 12.303193294072038 44.474493486853476 34.007907831551265 65.626253138273725 1
 238.44958156486868 57.481316332075501 190.00951456904087 25.410256689955091 203.37840446246457 81.509193134715801 110.04877159724279 246.8952125349247 51.08606130753936 207.56430788697423 217.09999390721836 210.88736598509735 -1
 479.53332640520728 174.71568232425437 455.50001175104705 84.546643718548054 498.95316427023744 278.28808967807106 324.70695599127595 519.01353044650443 97.809721312439379 510.50829113542875 504.25597094914235 322.37900092619481 -1
 58.14223641508957 -3.7174770904026104 35.000242925853819 -4.2393648976018516 19.887401474513101 -21.060081059672886 8.6433261684303524 47.326167789191246 11.401685191860071 35.086712441693905 29.071416558107007 67.365915333353215 1
 117.13124075340122 19.089288524800512 76.744361436296828 11.79001306921562 71.597710707230291 3.6116334563759236 32.245475067248442 111.00949370325961 25.089412375811868 85.966339024319382 81.896596774405012 118.6249097563648 -1
 59.850526860688952 -0.15820478820268344 35.097104597748341 0.10623442467499709 20.04571093626733 -21.217103778762063 9.0882184631753198 48.627277050205386 11.811264160716997 37.539749293328441 28.211586470908131 66.783869641430513 1
 61.401510923581455 -3.3371117483219996 38.545009464738463 -5.1240379630528041 24.143292271285222 -18.721622377414665 10.718264973517838 51.269372431139217 12.227040629195702 38.329132797508898 33.989761659871263 70.314206260100875 1
 159.52790183616722 33.878873458340806 114.58284698713639 19.100108590301296 115.8577663314579 29.583645584066932 58.160174959967534 157.90831346209285 34.26237810179834 127.81531731037208 126.60534046731966 150.78640672104231 -1
 55.650899246133513 -3.7900275659219562 34.836623557628876 -4.5808464984970954 19.128350394044691 -20.662667990328913 9.7367532968041157 44.89723746262343 10.549879949523433 35.076978343963113 27.982410901580391 62.767333577217101 1
 61.16934167660385 7.5931028402738576 43.99057388068087 6.2229144070611122 27.644746168767877 -12.325324144996438 21.792546599355333 50.430182678841447 10.76093627025236 50.531452786513995 32.570376804412227 53.742753569057896 1
 88.492691544261916 8.3655672850705987 53.667723584237983 5.3541509251112913 43.85871374969193 -11.254186522271764 17.544374558271087 79.579144219545654 18.786226237560562 59.023437072882956 53.753697681465972 95.960322271194926 -1
 51.292210283287368 -2.4743180189690954 31.53297072380353 -2.0082007486131221 14.651190712865629 -22.403410119342052 8.8733199904728366 39.593244362965414 9.6346924261493747 32.822052200518684 22.250226300501943 56.638862857883147 1
 55.980290433939338 -0.48135818039158812 37.816737953282349 -1.7781205587532256 21.76171798204064 -17.366445347253396 14.066279736034268 45.383426382406235 10.346003494668814 39.688843851937669 29.388953853464589 57.811873561640631 1
 58.501259850869225 -5.0796205951884961 40.766300071631008 -7.9768461982974097 25.443835362081593 -15.570720813632038 14.600873414374568 48.882167875442427 10.97191777760049 39.157367177536941 34.951097222969793 64.542114159963859 1
 197.35278958034309 49.183812428361179 162.03450115665839 22.636059972826232 167.68449275985895 65.754099318798865 97.415982059634104 201.90191247991439 41.202001578351201 178.14232319395708 178.02019904899583 166.72302782692182 -1
 51.264905133005463 -7.4336007045835428 33.429054173932172 -8.8512798205695251 17.213640075294773 -20.877764612395293 8.9728264097258883 40.742030329435678 9.6175106071974117 31.272556970733895 26.840203640147195 59.907742358830909 1
 75.630553699029861 1.6932687068996235 46.681865061539028 -0.7233938307126917 34.75629141135601 -14.417670205713389 14.50098157438407 66.330664120188487 15.353469379038344 48.934684158532477 44.643093456455446 83.890656664620039 1
 54.690799941082105 -4.3891127715481604 38.107397671019655 -6.4375923210992054 21.991824722405504 -16.844767671696012 13.836057547083412 44.565715799922721 9.9868600766851632 37.343148025054113 30.644486775428415 58.949223584285086 1
 60.460777073476457 -1.1994772879910993 37.993814061172749 -1.9904898267068205 23.055558261353095 -18.381845298526315 11.971776688008225 49.920846825556154 11.462788228063362 39.610019580081172 31.34780147596646 65.885289879751085 1
 50.382465545852583 -6.9159234397649652 30.227429764266791 -7.2659181524911469 13.969432929453651 -23.942379897278677 5.8874174466210469 39.297934811329974 9.6464873626830467 28.908952895714854 23.509725233151251 60.523355832035683 1
 55.033392209444578 -7.2798348884889297 35.383922299030637 -8.9516277127638659 20.133359029872704 -19.858805943966392 9.4410461097750442 45.012399475849406 10.255968904799898 33.486684243600592 30.073349811721258 64.032593320968758 1
 81.903496558739008 9.0568520047242362 63.751211137890643 1.7269169509503091 51.427442515010782 0.64969408568868903 32.910356826448115 74.6038363324095 15.767082415147788 68.057558819894624 59.580230334745593 75.130183683375549 1
 65.970524645795336 4.8004509240691489 42.277841367079446 4.0398887528021392 27.739126994561115 -15.408402221198498 16.159053407073877 55.374013661003289 12.524738702908543 47.249563012539696 34.573449025323889 66.476258680907307 1
 57.96710421320882 -1.2127397500142807 36.04284740587569 -1.9253753162286564 20.634647513585612 -20.011766922450832 10.592168695604149 47.066906802134085 11.320278831565135 37.542471967982209 29.103648744963838 64.084925380445853 1
 54.643640554999877 -2.5986502470016948 36.117768747543039 -3.8481691251941288 20.075955954390132 -18.901529987040934 12.015060013704559 43.992648626534368 10.223298485281839 36.79886679453459 28.398617023023643 59.038187915758087 1
 61.168565781678872 -1.1305371023305681 40.751354316125003 -3.2792430278943425 25.855838973028884 -16.298474279996075 14.425658841177011 51.219803827374875 11.544682900291496 41.981904630961417 34.58335864717025 65.315006096685764 1
 102.78078845433377 13.915166717381302 75.439826435226507 5.183870640631425 66.948059067674919 6.482457458298069 36.87293482366259 96.843694616359144 21.040004099514526 81.068685837879016 76.392696155863774 99.00198429623326 -1
 81.583052564015787 4.5309232347888413 56.300111315419485 -0.90257356055007698 44.954453863030992 -6.9662537716943174 22.773158605646746 73.570122121261932 16.643393794296419 58.632652109477334 55.090536351715365 85.253704949673946 1
 66.017559001833206 9.6986322002349556 43.441447889487279 8.7879833523425024 28.457671893052929 -14.59893839967155 18.669143304128376 55.184958997427891 12.480636204381286 51.432389394406655 34.145132905754139 61.453374489096078 1
 116.64050503152571 15.415340451302743 76.250776345242244 7.8296906968443629 71.436071884106013 3.3911963773470744 30.763372221198004 110.8259022586231 25.089958060633453 83.082645716372625 82.767998418283028 121.53126053992514 -1
 36.702954236679545 -9.2003048182946721 23.761736281825996 -8.5142227162812425 4.7870499651563305 -25.97122073096568 5.2328504838156809 24.726729038757828 6.0007621216843834 21.911317409419713 12.708071264169433 42.689028472041258 1
 185.05004898252318 43.628977576604179 147.31205634527007 20.298096290033588 151.83347678260495 54.770363110292692 84.87370427662421 187.99759274882854 39.00137349631401 161.92148909715115 162.79641420422359 161.79526482993845 -1
 61.845527827902252 -3.0229876646070593 39.606020222422501 -4.7492257828431264 25.094087149239183 -17.49768795333318 12.298905662050593 51.84734886025872 11.836825057141843 39.778684220111934 34.386144965747448 69.039735554639847 1
 122.39715269967685 20.149167751556924 91.335891701368936 8.0603914188477184 86.199206966959835 16.50656113866787 46.44645471130486 118.47134923458555 25.526666568981273 98.750052579267617 96.554826256610667 116.00886653047405 -1
 416.87220523965863 154.6458621874375 419.07806251211548 68.439382735874148 451.43976516215309 259.35230402695464 309.24310215742702 452.6934167461601 82.627226485685242 466.10342922078331 454.83536439109196 257.92567899081803 -1
 49.523031250286138 -6.2351199140146694 33.197134647464345 -7.6216381634480825 16.395049606765369 -20.700407294806762 10.077890509754679 38.855891100474643 9.0054402177522377 31.941294403593371 25.368189990915454 55.75873885932387 1
 76.908606563072652 2.9961907028479247 46.990895297780469 1.0425365068417543 35.138179222537957 -14.179029865040317 14.780094221384678 67.42934694088845 15.658175662598635 49.992485659590024 44.544640589998615 84.562389135178506 1
 128.78438700631349 24.16723402322063 91.599148059584266 13.280438212853463 87.874359317416776 15.390807781372594 44.627009482870605 124.61106781529328 27.344056984381762 101.66734955931618 97.899610772108232 123.2521177997473 -1
 70.128570993021199 4.0103922249089701 44.47433768584785 2.0190018058718127 31.152722966532853 -15.056054605140634 15.440243147967815 60.221663256118461 14.009156668615123 48.394944053262449 39.683892943159229 73.991122037760448 1
 83.300833486212753 10.334448199536508 54.464644663837284 6.8925944515090523 43.094209488445017 -8.7973390216142011 21.992722501923819 74.282231810134505 17.039279854688491 61.037410315321345 51.31346578073741 83.789351270926474 1
 75.299041827201279 6.2310164749984223 54.108023387522543 1.9685655732350869 41.044797059193094 -6.4687177547071206 24.996429787686601 66.655774612716272 14.337511850525649 58.245203712758844 48.747898581800371 72.632748919042228 1
 188.34687039838454 40.923077732245531 138.39554421296424 20.858246657612046 144.4372701912333 44.558714684410184 72.067747599050435 189.85525353348442 41.035908420965534 152.47119819716627 157.17158459731661 177.90349665589486 -1
 167.65557855634248 31.841376741930251 121.93284747130383 14.472408666564734 125.09375603619533 34.229561933528203 61.08241163449707 167.72287700264366 36.320936189150103 132.58223378362328 138.07235416787952 162.02474906776567 -1
 55.001050759044752 -1.780633935091456 34.144995832785746 -1.8254119262926638 18.216668279880906 -20.679510874960268 10.234560167939627 43.931518499681097 10.153390943534268 35.992387131677766 25.995169231761125 59.604214628711333 1
 63.824059557172973 -0.76018926766444339 44.522276628623011 -4.092680194307361 29.956988644438781 -13.462697812021906 17.339371422576463 54.432922586010974 12.112163594532131 45.324377833154628 38.995724720630704 67.036144843483825 1
 45.527125110310749 -3.3229598616226927 31.980225691824508 -3.583738594076769 14.10700571113831 -19.307684133033199 11.844488320712669 34.177302847858421 7.9910369615851895 32.267266038616896 21.009532529955838 46.929666305408617 1
 68.755973718824919 -2.1539077971636003 44.821341249985103 -5.2783776609308921 31.721855311071064 -14.449199699872295 14.501079018895252 59.568196700904302 13.771572633290221 44.539323297632379 42.028054248435986 77.170877363112467 1
 76.370292642912148 -1.8859857066456447 48.390926588652022 -5.519165117773154 36.799961825590515 -13.202120935918554 14.636480796457976 67.65912348721281 15.799302505128024 47.682681229492601 48.15154813349514 88.042770093108146 1
 52.187791589704396 -7.8162559935549574 31.02991452327139 -7.7966011066059799 15.046267904537142 -23.193849438918754 6.1904916967307679 41.135428555495871 9.8289245210680551 29.183132018781592 24.43446333861564 63.095630900593726 1
 103.08014606138978 13.212706089888156 70.914330610491874 6.1210077654902237 62.824559633928537 1.7664044892091166 31.406762411194808 96.360481571951127 21.497500731324052 76.85428068569324 72.664940346320989 103.79661595796644 -1
 68.907818169874702 -4.248871624069162 45.223594291960573 -7.6648795841056048 32.177802906118764 -14.14069566924343 14.350688525370973 59.944645775886649 13.771258472424236 43.486518831962925 43.030151831364662 79.04509019375962 1
 45.8366875389329 -4.953709972237637 34.430043829216437 -6.683182928359594 16.358212145394958 -18.03265258888489 14.117440154375588 35.086191274301456 7.7584994817156501 33.664099895157982 23.937475292246617 46.849676930136077 1
 59.685478289649048 -6.5399556117807078 37.959216713475641 -8.5381471731457381 23.412938024159477 -18.765390773592305 10.265316139368073 49.873618522611736 11.471009972057388 36.056247214904971 33.7244824433335 69.933434419758612 1
 38.63208246978629 -13.427996742348215 25.822246255291425 -14.11375027256495 7.3769948383503863 -25.092961926339807 5.0469573628372908 27.427110361088388 6.5991015522898104 20.765853515274245 17.161670202073228 49.03862769472628 1
 64.331015624629771 -2.5983158640993671 39.049270073573901 -3.5734751524365826 24.977324501911873 -18.709251170625606 10.725184142733097 54.028001108228004 12.598173652810456 39.582026016603947 34.308856126806759 73.437527088501668 1
 141.70760062535805 27.472490332218342 98.412538884891021 15.709650172151571 97.149527610740691 18.416089805183564 46.515603098305704 138.23692941138984 30.709376339516538 109.57109277179518 108.09921383296168 138.34753937800585 -1
 59.493795766532529 -2.8223924160827769 41.468805958558789 -5.4945193337415619 26.202469443344654 -15.020483522912345 15.7361473868243 49.785179850699869 10.959413202047461 41.473112279018615 35.00501147727558 63.152754106017404 1
 100.18189898142236 8.0229595225004893 65.124058466840765 1.9280099875573837 57.391750292822714 -3.3183921183946614 24.447895121373055 93.217460700647877 21.262286473573816 68.619294924856405 68.799081643245842 107.98250681634924 -1
 76.768068402081227 2.0802823109560711 52.354873959195935 -2.2160975727522909 40.192211298195716 -9.094648443506177 20.623371220115331 68.336570461006218 15.14321411556608 54.000540290706198 49.838860304294151 80.954789565204678 1
 222.1732378433193 50.419930603295128 161.07241128363469 26.16010260132828 173.22130807407305 57.039270589500219 82.672222411960902 226.65625471002394 49.377144869362503 177.92624444160441 188.16704552467141 212.44389580103748 -1
 89.511144258225343 6.3898355128131756 55.429612326839916 3.0648055496033617 45.780096461109352 -9.3319534096664682 18.846590341261294 81.014228192619697 18.801948598489293 59.260787215906255 55.834506800773696 97.590251837319897 -1
 142.9117551695258 26.93306382996537 91.580370586678526 17.73442149620444 91.187194635769089 11.086499478144686 37.979765653584167 138.46784318405662 31.534767147245283 103.72930863980886 102.7330000209772 146.01324650427077 -1
 175.58534063753606 34.075353867075144 125.82018394509602 16.160864316358207 130.57485685770243 35.588842362952334 61.975913593639554 176.09390042230081 38.369305711675416 137.51225182065016 144.13440331565886 171.07603003204554 -1
 89.3661487474577 7.7528511965440634 57.81710076310091 3.7688488754966838 47.882442071373042 -6.785657756982606 22.231947749773241 81.115780373934513 18.362568204267145 62.329569828488431 57.275165072449013 93.829774600652385 -1
 53.280174218024619 -3.1245328369748435 42.126801504534143 -6.7444686959739553 25.371976610960196 -12.445460494316144 19.665583829132718 43.779767372321565 9.0059371787978417 41.803997203297378 33.233215692724642 51.667392724189739 1
 92.16975387222152 14.937026070007565 59.430792042916494 11.550998631088508 49.762463973177091 -5.2413601861313781 24.616453314676342 83.565311359716901 19.162012749257745 68.154962969734768 57.361211221758822 91.219497753354148 -1
 47.268402353576825 -6.2167941874997279 30.163520778641448 -6.7498153350238166 13.139456545686308 -22.971445447298805 7.6338596743628617 36.103138161179601 8.776335674907207 29.239779791590131 21.949852159400752 54.306071339545589 1
 96.527408147585362 4.8728974739937954 66.698726967286404 -2.7101449127506902 58.394353417662423 -0.57680408239455194 26.881363943682949 90.273113286158591 20.241356034221887 67.638689176242963 70.346743091178197 103.46816339346248 -1
 142.0738656319721 28.030654514867528 108.34932278941555 12.691637978803863 106.37997874077143 28.03687174887602 58.074662350851774 140.30539451901157 29.614130094552202 118.72977906738942 116.7311380257206 129.75948125797427 -1
 39.108064185909001 -5.0752013555503552 29.055869289386536 -5.2933990569176048 9.4934761110517911 -21.40868225472984 11.773959918121591 27.311755513490869 6.0825690917823882 29.055727278232752 15.953856454829364 38.960067541514725 1
 141.38103659494766 26.162708045209133 106.33580958193791 11.282894295796211 104.53737920285175 26.25864662075012 55.644894733469641 139.50789949858193 29.547835137538229 115.88608885050193 115.35122283143299 131.67739972213161 -1
 110.12553750364511 22.937677929683257 64.251055497194344 20.992103559253504 57.706455534617099 -5.7207627404740871 23.629888003244904 101.22955339088672 23.765165028962777 77.87884956234825 65.167278380616935 111.54543066390656 -1
 99.627667757889839 11.994990657848565 66.973077961365519 5.9757259221078893 58.655375234488602 -0.56873398102138339 28.227398758123677 92.398171932102372 20.932501923538162 72.484164515869864 68.393567434868359 102.07354982859709 -1
 64.791816138125043 -0.92155518665273606 38.528133418780598 -2.1456984092258593 24.778456278413657 -19.796952680171032 9.6020528866831505 54.442578403773254 13.237493919780318 39.931247610555083 34.525461387772452 74.287897219253381 1
 121.17742659962576 19.277705550983072 82.229574764833799 10.891314601683057 77.561844467762256 8.4728568580175843 36.900386518425258 115.81793258786779 25.667084082730231 90.734381732638511 87.688996796951287 120.82016043515989 -1
 71.449036613247486 0.72959613230616238 43.165442323335533 -1.0062728467319173 30.504092588099699 -16.840003149866742 12.320888926897668 61.662560231874188 14.486343659029961 45.245180512776379 40.230065764809638 80.268209660363596 1
 76.499022211393367 -1.7834926886245379 46.881934979245152 -5.0673220880023662 35.644398055034507 -14.77940788445704 12.59103281801641 67.676288102933341 16.098044907126678 46.449850207710774 47.303037373591572 89.56726331363096 1
 73.285227065047664 4.3443645139260125 52.118887187059698 -0.029583646053454194 38.735560618474828 -8.4684279705007981 22.755022487968429 64.38810755300095 14.410439571107505 54.835925568203841 47.301639262641551 73.727505390271347 1
 185.47315882526371 41.022679567020148 139.60975111346337 20.232967286947602 144.95754773184566 46.784174919085977 74.951720256449732 187.39484908940474 40.006657354605871 153.59312280966583 157.15780741189852 171.38160540486973 -1
 56.576357682977083 -2.3209406099049983 38.231199357195415 -4.4263949471702002 22.592301145724928 -17.535075096903753 13.086948060351402 46.290985404161546 10.915355229786943 38.499637015499523 31.465991707966801 61.350165335608501 1
 90.610021804401725 16.321384296555323 58.082203740743935 13.167577985540866 47.707389880158949 -7.0786199592485843 24.183584745064003 81.531791057859181 18.806401109399687 68.01404090788283 55.050326771907145 88.496214664326587 -1
 95.55074903373027 13.098603246600026 60.477475681443728 9.39065514008775 51.646555457539478 -5.6383838957607262 23.627502981481172 87.294084942600804 19.934239312044266 68.184072452992353 60.288930370810128 97.695689514311908 -1
 62.806662851707351 0.72819031434590453 39.920689622602552 -0.33535876047400492 25.121856482431724 -17.325328793611121 13.554263980112207 52.297553439378731 12.04200098023351 42.434397082672135 33.174332817472418 67.045779261220488 1
 68.420181492060422 -7.2018523542788078 40.959638722815804 -9.8968840058036562 28.391243262673768 -18.714758144327988 8.1973730283124127 59.041893859263254 14.556546131480964 37.461220106832414 40.851689170972456 85.656611209469176 1
 58.825836579428085 -0.24829889379963302 41.607125656133356 -2.833494301108642 26.134240944725537 -14.504939884979608 16.817368623762604 48.968565256364975 10.856699130571862 43.15882024547102 34.186415693208794 59.65004725795918 1
 106.75025963321627 15.291909794066141 72.108914437095322 8.551558018930967 64.729223278460012 2.1638637353802661 31.581434148625103 99.956815975531171 22.462406465630043 79.256982891776531 74.31256501710179 107.31035052116985 -1
 59.988776333710632 -3.8789269978117522 43.376971020456473 -7.2769772559720023 28.140385324463566 -13.270167493802106 17.40746545830752 50.693645647836341 10.889093863924851 42.451993929142468 37.192795964316382 63.326194648192256 1
 85.443260118712317 10.429130268826647 56.796795194898692 6.3814193568737849 45.81666684570154 -7.0038698536701256 23.529177746311845 76.795272990595706 17.502701455878533 63.029767119595974 54.261678488683032 85.738150156143078 1
 38.95464125682502 -8.7967353201922709 28.573567828483569 -9.4836400038717148 9.3466837034697399 -22.083497046882652 9.8744951014634168 27.568130829109922 6.2835567425327552 26.07678101094735 17.211384735422733 42.830383428270927 1
 48.154385693169097 -9.5782747944790341 29.988267372898878 -10.354311610361734 13.342327436677198 -23.540044027929355 5.9276673543136775 37.192348615280508 9.1829419673346884 26.726301255403417 23.348047190641829 59.540462865710701 1
 116.97992143459149 21.801255816113365 84.095195682575238 12.737716799047782 77.946091357316149 11.632115956413372 42.217973850838298 111.61715001964387 24.011745447832848 94.096365712365369 86.378957650494598 109.05410112186125 -1
 104.3336155695618 8.1950141543615409 63.773092492614538 3.127937496360333 57.207694976669991 -5.6971724687001437 20.792765088501728 97.102708828203376 22.633306813505275 67.595608370758455 69.212388834466168 116.35690988473348 -1
 67.164675805855907 -1.8415895272330851 42.199515585514241 -4.0771229217840776 28.901916220861906 -16.545478594737638 12.53673961700129 57.576024026638692 13.375175904954366 42.693178798868658 38.871413789408273 75.750585540958397 1
 58.279044646361982 -2.5368731225983865 39.423928270456351 -4.5058151003031144 24.091133558188211 -16.55106194115859 14.113801737625975 48.293410242127493 10.687367000451319 40.043942410682483 32.649189430873719 62.014456458885959 1
 74.335701591186009 3.8940195452002055 50.480042719214786 -0.0057195557467205095 37.790624471097168 -10.346865976708216 19.879367765932699 65.399800142349932 14.944403720594297 53.189498880283985 46.968545509491619 77.359491170378405 1
 63.086654571485553 1.9041029235273288 47.149722343982205 -2.0779329738470329 31.981992739114627 -10.348261758183158 21.531788284327337 53.813014051307221 11.861995224407959 48.977789504616332 39.937181891196801 61.502731544644 1
 78.180989817097611 4.3493319790687162 53.432077617202467 0.057192593925940304 41.560656720987502 -8.2440459874883469 21.777730958347615 69.834421491683386 15.356149925894302 56.589907163867345 50.693026220763898 80.097429865039942 1
 72.275742418258986 5.6118158835035219 49.841471290638594 2.4498084601520254 36.214663616620378 -10.153304368209421 21.364557019118138 62.811735688135954 14.09980060055584 53.9027340592109 43.968945906237543 71.924681443768648 1
 115.15719648648964 8.8613359620030359 72.878416902720957 1.2917707264172809 68.480434969158736 0.01653735444478539 25.353519082108249 109.60558854425659 25.213316008000962 75.793492271226427 82.047614237928357 128.08936923538047 -1
 62.218230896589326 -4.1393877812163629 42.600058346032505 -7.7686796976058723 28.23488783329935 -15.199161449449498 14.347500533029878 52.919511696061335 12.323420556908872 41.058088664647727 38.681388200411973 69.910296535752622 1
 44.792545189333794 -6.423394565836773 28.921588896526355 -6.3285204568725488 11.320030955766187 -23.107553304854235 8.0623625318448955 33.488153584208206 7.538292658153968 28.582629580115043 19.240284986245282 49.641781729212504 1
 67.870109549010792 -1.2418830030662984 44.183790685896064 -4.3658658613627859 30.957072534545944 -14.892762292242276 14.206092806016079 58.584339125251354 13.743312951704738 44.402380198394845 41.182893487298493 75.815528490598709 1
 45.91684278622089 1.1204564666005921 32.163886382117035 1.4336577698731234 13.864710933507785 -19.724830819194498 13.931445743319724 34.256094225125921 7.2694484201725205 36.401602909415288 19.087694267297685 41.515337390353153 1
 63.694813097624724 -0.53271477151803115 44.025225225567496 -3.5584158640769141 29.598033787211865 -13.610020633654946 16.942428232104316 54.238809416431224 12.098971756977809 45.090782511747143 38.442063239050263 66.702104758147158 1
 74.763944497422003 9.1233760440328311 45.78202065857986 8.3599622426597318 32.659842119407507 -14.752437828267109 16.701402240941128 64.150590487103386 15.092442325448987 52.816735139422747 39.678953921207466 76.244842392335002 1
 74.423937197977253 7.0481509054152678 43.84557654492577 6.5401215409988849 31.278034983900234 -16.541455485124349 13.900960873778917 64.007723354493379 14.983553497596052 50.172969273082622 39.065169123725497 78.509497137892637 1
 69.255119788095342 -1.9956966321723975 47.497825802379914 -6.3056500912346021 34.23600471283374 -12.374522679381876 17.17610545952742 60.537800300023854 13.71032097222605 46.921129133906405 44.762973046016207 76.09501204846201 1
 54.41400193336991 -2.1876725334842679 36.001262579684209 -3.3063196408651101 19.806746723030106 -18.979240742123658 12.196431369919265 43.663903630254211 10.098738812681745 37.017464023531318 27.913037463958215 58.223914674880611 1
 76.685000089445197 2.7304585861873298 49.885958312858691 -0.73012689660684871 38.218283933632399 -11.154192041446446 17.638971611054941 67.962500069686058 15.561545087188485 52.141475510245776 47.989688541678063 82.485292159643961 1
 103.41486736137641 17.645764080159996 72.161820258072993 11.167821984284174 63.80027973953873 3.694320468169733 34.466628427508375 96.463474808556668 21.113775083625189 81.088764939750646 71.706581954755151 98.165571145643526 -1
 135.17867751019799 20.433317666348465 97.341566383392319 7.0653651677463856 95.200538449134896 18.528775393663413 46.273672882264989 132.45870677122039 28.962906942574772 104.15117050712549 107.72419063774784 134.13461645563294 -1
 71.406158377036945 8.0637860817670077 44.577150060768879 7.313090057759605 30.767026100376796 -14.972444503280773 16.827298317952657 60.695497877360033 14.145458908520881 51.121177989825703 37.556787016929462 72.04560125994378 1
 48.767769770786956 -1.1663700077322476 30.480572470190122 -0.65040554845410847 13.250111266508336 -22.754463621130412 9.2703225015368158 37.075493432707091 8.7096127756974795 33.183749137540694 20.261066544918808 51.124742686651274 1
 136.07891030429278 24.859882996889212 93.165518023883124 14.433163759091547 90.939445507432296 14.900906381849673 43.030594180227254 132.02312441563205 29.257397733497385 103.58076049019054 101.63730806770458 134.19595580382014 -1
 72.676499453462057 5.0681213044242064 48.292289341029672 2.2597421233665491 35.180179417765942 -11.817048298860731 19.00852104862707 63.205283624309629 14.346201955906606 52.380449058933067 43.412881675670647 74.233141765543934 1
 72.584142126462325 2.0701407357656021 46.821255012353951 -0.8502112418227743 33.908007147020093 -13.732058536480421 16.129662303568512 63.108560701166084 14.79404844442295 48.838757093449814 43.47791617292161 79.005915534749505 1
 54.079763864315375 -4.2885979095972901 34.514737808084909 -5.1425214078112198 18.450782246803911 -20.478381933081483 10.135871402935424 43.321369143202638 10.053722623503546 34.47524758519927 27.151917912318154 60.643908868847504 1
 46.086436740601776 -9.6719000269690785 29.95022153602455 -10.19419903013511 12.666218395358539 -22.641481534105328 7.5242474746824799 35.076534890610262 8.1379969610871772 26.993716673444879 21.773584385529823 54.802368737557238 1
 151.63360738742568 27.139362397960074 110.66238389565544 11.630642553352578 110.95420529461992 27.341403722534135 55.133189312871906 150.28129632941301 32.659630087940911 119.80423751247389 123.30819690198273 146.78574855246495 -1
 63.586628844741576 3.9109100604874558 38.672236103650938 3.723671380216016 24.12067560678004 -18.605337649216281 12.573079826038951 52.674421412234466 12.30520625529646 43.596805462741301 31.444448503798398 66.230894350615031 1
 144.09014500168934 26.001097598637781 104.35394122680616 12.142527186164505 103.10140639330783 23.303704409993447 51.845387275426262 141.62800458265019 30.87518750370181 113.65605378081978 114.55160094183475 139.27599288284907 -1
 45.544679165221758 -4.5729188135224978 30.06274612326887 -4.7276034186688989 12.108031509347455 -22.527567536142943 9.3278142474775727 33.956438918750514 8.1178023592667348 30.161693288712303 19.806643080617874 49.742295158037813 1
 39.18515597189792 -12.028516304212451 25.469701618920705 -12.275123366047994 7.2768956632483466 -25.341563083960757 4.9457897577694014 27.97676961205735 6.4626398134371952 21.813181141400285 16.545666554983725 48.064407651713871 1
 110.13277172047037 15.359988380286007 73.323422060522162 8.3321098063302106 66.74933787786297 2.2542484245439218 30.95866477983509 103.63423102127936 23.527861152392965 80.214885505717476 77.067909075425504 112.75353237627127 -1
 43.918731652434403 -7.3243311685288734 30.828028912025488 -8.3260025555234378 12.961055549417614 -21.038655700665384 10.042838374614872 32.979802785660688 7.5747346947239134 29.103080661032209 21.259834303210994 48.374247453917498 1
 66.158489029984239 0.73871111732757733 45.341638003180321 -2.2605645631858109 31.362969614080654 -12.826120521973642 17.669123929322947 56.872219456117811 12.537654011565753 47.221548288378493 40.018179718580377 68.45883233998795 1
 53.777445610920665 -7.542014148455177 33.540686378839709 -8.8876921266899451 17.960352359838684 -21.707694481355883 7.6700600472306695 43.333732499325691 10.372826349422313 31.376210319173687 28.14554027527058 64.465867608571457 1
 84.774071102247831 14.794140834583656 53.004388923972115 13.313723654921089 41.788783565887883 -9.3394386566819172 21.226000976235476 74.842175366193771 17.540135511605317 62.390833296598352 48.299620268395152 83.359786125517005 -1
 145.17704050409898 25.289430203359391 99.165140692184451 13.376091054790875 98.977934365066972 18.187494776857555 44.99698435445039 142.17653258863717 31.488228315740866 109.07909986272158 111.01646632895687 145.44006110379217 -1
 51.211421966119104 -0.62766394991573471 35.448401018375861 -1.5091379288947804 18.175290076290054 -18.583878237758139 13.968202653397624 40.101491779557044 9.0581064214866291 37.589446834160768 25.114236202625388 51.302986584889489 1
 93.835855486912791 10.010712163592586 55.705595839191297 7.2749003525979443 47.103052386008855 -10.166469639392739 17.681807441591108 85.032225326399271 20.297067877268589 61.727924443944538 56.992565910118884 102.22015180014853 -1
 60.711613712101475 -3.3606509874505597 39.224639985848285 -5.2179595605570848 24.711788849869674 -17.420633185053404 12.148870615941563 50.845916007124913 11.527558734535365 39.272884751864488 34.08415937199505 67.548431312898956 1
 166.16665524775735 32.977142752151138 115.69785724239205 17.982496746142509 118.7526753073833 28.502424265803452 55.02830035605588 165.01418878565354 36.614996033672206 127.80894452902274 131.38006563582218 163.61526126473939 -1
 100.22632025119168 13.431432379162239 68.305169664418472 7.1350275157991714 59.681973323544938 0.1377889266816659 30.029385085881909 92.986119987744857 20.894519581031211 74.714173198606474 69.01470457547812 100.56544912838605 -1
 76.480681496470723 7.3685272823820469 59.309765188202356 0.83709113905368149 46.152949965383328 -2.2834973880052285 30.034911912649775 68.628054986676261 14.634322568271733 63.100427590551192 54.240820614681276 70.660156258512288 1
 60.753682272696082 -3.9290473952377578 36.880822774353412 -5.0430140394121485 22.35111028988447 -20.104445802210666 9.2357221564317662 50.34445966197773 12.022044814429826 36.617957828549748 32.095878661730922 70.763185390063597 1
 44.250236527469852 -5.8686729611373343 30.395039473437809 -6.5264627261180266 12.478369586374189 -21.708933325494204 9.9230761428060514 33.054289473232807 7.5730602133748386 29.850287929596881 20.385076005006798 47.810237664164035 1
 75.913945764742593 6.1124586118558808 46.765004487036428 4.4439828839841118 34.54199016344608 -14.074250517173768 15.956365455419698 66.086226172565844 15.366161640145741 51.87961810116029 42.907272638429397 80.04563388634449 1
 56.182827325440961 -3.0955640094768313 34.270008020573066 -3.4374562610577248 18.871288672840855 -20.964607038005052 8.9984426246326166 45.359691815301865 10.683705245036901 35.08530959670329 27.541083885447438 63.303089890905653 1
 61.265079140382689 -2.7293879369321759 36.331516828842751 -3.1313628558108624 21.941404890723035 -20.365336277367543 9.0306079988313268 50.669890433233064 11.930880754739578 37.217873966869696 31.02930723235303 70.146217036250761 1
 68.002071541823454 -1.078031086741692 43.354136172069119 -3.3536544455657271 30.034755985480064 -15.493511707328059 13.905559095948318 58.50035220840482 13.271375660125109 44.374014545361298 39.607108331552197 75.106999083530283 1
 64.778286080781498 2.3993390017260854 42.510303369771499 0.53048117478375578 28.016866145701748 -15.310266517535759 15.565153644867415 54.535848055771488 12.786172198440998 45.329991463385745 36.140892154219742 67.867372310182731 1
 32.219566513546141 -11.16962175134025 22.904389657150862 -10.677235731918687 2.6582591204532506 -25.745122608891297 6.3666737412257985 20.144091494798761 4.5854322740748552 19.910057859286251 10.242473070709257 37.04216610325394 1
 69.093892946205372 5.1901393064614156 41.455979133997928 5.0690543949829747 27.921247603353667 -16.746955541642603 13.265441532986262 58.211648514621523 14.050189805253664 46.229767422718822 35.381946931651633 73.410579485778968 1
 70.368310140039554 4.4712655374162829 44.486379713419765 3.2014152390254087 31.050419104291514 -14.493231328234772 16.133047690750274 60.262897048639026 13.702069646847532 48.964389062327314 38.718034776467775 72.883621048940995 1
 211.65773223582246 47.166159909791219 152.36478789232439 25.227671172879443 162.66820013261241 51.912204405076046 77.823151331846105 214.97929061025084 46.628045243766337 168.65288035221377 176.57548968835695 202.38855681694957 -1
 161.31387761237801 30.708063580670412 118.80013926408695 13.852985155611526 120.32921743141299 32.609925721978016 60.822182601482375 160.70909199904818 34.648845991667194 129.17604598341632 132.54127983846007 154.16257292817025 -1
 50.866585025481754 -1.9545920572996918 35.483821684716759 -3.0315461838280511 18.234604777304103 -18.429556019031995 13.807447123512741 39.909806464901287 8.9599563852841975 36.749108313531664 25.483169822566364 51.843825232560036 1
 92.762257167853249 5.7799581867630261 60.277134256525954 0.56726990715543768 51.29147688635414 -5.6456525655997867 22.057395704559365 85.261531767846236 19.603444745358846 62.770625929805689 62.307934252773649 100.78070483042042 -1
 56.376476939594312 -3.858814989676647 36.410895056904884 -5.2428270114508155 21.063131657049048 -19.097882635561181 11.016414911762148 46.052457715666236 10.591821020790283 36.491565363477889 30.052883695276208 62.578413118509189 1
 123.77983902183723 19.531080805412849 84.254706307270538 10.643482008390951 79.955444371629071 9.4950718183433729 37.923453050988471 118.73788193723632 26.187078721676201 92.722056826125254 90.406200726218302 123.58779401821005 -1
 84.524657975518124 4.5518474028664304 52.682572572244965 1.0492269026954157 42.288910398092668 -10.913234317094789 17.151796959210778 75.768112385748765 17.957875464650151 55.317918271160714 52.807599542673778 93.721929877799042 -1
 61.836800220541527 -4.3057807430914448 37.670285483412087 -5.8703745254766817 23.678787195399423 -19.59249384560334 9.2117227706203604 51.845182495822158 12.263980982250091 37.173949857875577 33.899564663808178 72.282631524459489 1
 119.5353636261858 17.79115336096412 87.30509407559812 6.9414382108264157 81.955873376514361 13.624894347958861 43.069452066230625 115.24345099070658 24.639525676813843 94.196147305993236 92.252044360767869 115.17084037044752 -1
 54.757694889617134 -3.0125306803040419 33.968746225713495 -3.5997210763487346 18.191416692315528 -21.13475822932368 9.2416432843940637 43.810404339383275 10.537841056919451 34.647621691411253 26.864494260628732 61.569596390513993 1
 165.68531346003448 35.421148369801955 127.05376331802167 16.643730108054879 128.91742321366118 40.040795896181749 69.532678691817608 166.15945296511981 34.918624203827008 139.55684718018583 139.89290293743323 150.25464468578767 -1
 51.5237764514237 -1.3780230028616303 37.311798598014555 -2.7991866265873386 20.181050993587125 -16.261796497076826 15.743032783017961 40.901677495770166 9.0149891999721561 38.555256139056326 27.129482426230975 50.882066408857021 1
 86.210882895206524 9.4479244401752744 54.746051701784324 6.1881407946328082 44.142213087649722 -9.2849414573268696 20.624393755479112 77.313817984811024 17.813893058864053 60.781452032062795 52.968205857995471 89.431215420900983 -1
 77.52546622746577 3.8098735416048419 48.594382195957095 1.3450064020192192 36.88499848685796 -12.601119371987476 16.401774370231504 68.246877335354029 15.818946918676632 51.77268740296774 46.173211367032472 83.857779485555852 1
 70.106691922062183 7.1607236843309217 42.752691432922063 6.7264283313381981 29.13410567618989 -16.241857182072156 14.969066935949067 59.447889830636306 13.806581419929085 49.18845193674364 36.172969878881389 71.597400325788598 1
 179.87680661692212 41.836873659171367 136.01784922903408 21.607198295033442 140.49192940005869 45.037793390017079 73.677488577021961 181.34069200762568 38.872172626367714 150.85193539923478 151.97107901763769 163.93165333515634 -1
 53.59447954620115 -4.7029970657293774 36.786036713887825 -6.1886838109771762 20.345021530543487 -17.802507045898377 13.119195448070416 43.15274190199289 9.6323323539800096 36.101882803876151 28.681437688735805 58.027614839160499 1
 45.747057568075164 -4.760664932548023 29.412563369970126 -4.8080257138294202 11.957027778640514 -22.904827882375397 8.0946847529294672 34.275500253205628 8.2910813846360991 29.495318853325074 19.952342311835388 50.750028987643923 1
 51.127800620416018 -3.133215646251152 36.502337651845359 -4.8169976578480513 19.458364035083179 -17.484090864950005 14.317670729756889 40.536747776284663 9.0403170320180042 36.787734950231751 27.200392915450426 52.731916649015403 1
 66.479688552296693 2.4766009053799816 44.483637310755853 -0.05868261169935559 30.304409724593189 -14.040729910217893 16.899128166557333 56.653359177190943 13.000352374045447 47.259088697685868 38.71528013442795 69.037390931800246 1
 68.894029084817959 -1.5940149053535004 48.919510031641522 -5.9543867918542901 35.209875471872813 -10.535117705963293 19.660146430264373 60.204040422217325 13.185672759369689 48.541789632427935 44.945123875158586 73.259155637587952 1
 76.824308208825428 4.2277728560535648 50.579485233950535 0.6937356731536124 38.386815707893149 -10.88818659671573 18.800019027757941 67.766153600375134 15.7404745703335 53.378005098620946 47.799282534568654 81.626626319847119 1
 74.363035203952847 4.8874671214394789 48.654264132920183 2.2759973233373194 35.766487961128156 -11.921081075224032 18.747569532313186 64.897944379246312 14.653162411182997 52.668891271009372 44.081910176154395 76.914908315954335 1
 63.370204008799284 -5.8178935523840201 40.13224321815548 -8.3972147097046044 26.096378998406419 -18.050023383119811 10.63236334120435 53.62797429940192 12.905444421865628 37.779900739260981 37.118329793262085 75.614475711981214 1
 200.06773144594433 43.27969041684166 161.12421018021547 15.706795904643258 168.50531540694098 63.615612950033785 91.992250748232379 205.37497048882653 42.923363381197824 172.9080412605777 182.21072442095573 179.67756876727532 -1
 54.192502424709339 -2.3297102455648604 32.625954058705823 -2.1453135526348128 16.841975935833752 -21.983723101309177 8.5847759833845707 43.085041287717765 10.049597634823085 34.426775152385396 24.885483254067942 59.84343970726853 1
 139.89722008841844 24.059312253349439 96.788874710430022 12.756977117291409 95.22769172495255 17.480019771054049 45.119084188735421 136.40789255928939 30.018730783874144 106.1885426246354 106.43272763041739 138.69526908490187 -1
 93.370486804032026 9.8299718859601732 62.424714469616163 4.4554246482348292 53.160267849878984 -3.6440177806698597 25.697230161974066 85.856438059564809 19.144523135263203 67.74981390978617 62.772294370831851 95.456947901355065 -1
 59.179458234610983 -3.2477582010115786 38.012496289575353 -5.2117027637906954 23.085311342274025 -18.76670880322326 11.182444232153808 48.99904779097799 11.655772103649616 37.866172582013419 32.739907708236984 66.945953840154672 1
 69.049604428753753 6.7932033330283588 42.351488315998957 6.6282280489375829 28.511429390269566 -16.003142426604676 15.162814367313388 58.267175834439186 13.481580219475966 48.578691413102106 35.21799760824824 70.09214176711528 1
 110.83123553676192 11.062611528561884 71.613946889174031 4.305811636453118 65.856596220526924 0.46521497173130993 27.469996049762706 104.61134355367028 23.677605670539634 76.333536903180317 77.466968754874259 118.51157976683928 -1
 82.138802912459667 7.5439405577436798 57.809128241213223 2.463812883764009 46.22081122152516 -5.0112760341964275 25.735061183776253 74.115199731372044 16.131455008075029 62.318247729797939 54.824662385703817 80.963450422644868 1
 61.720815353775698 1.516729803681353 40.884303812359647 -0.27085126007948329 25.821801935060098 -16.277103125075964 15.0357885199367 51.369060625708549 11.902618555734199 43.54884057500265 33.860146002113915 64.253104963838382 1
 64.856357045275544 3.6129629924773776 41.571234766921464 2.650165478847144 26.89984801337576 -16.067417659809411 15.312330289461025 54.233893377001451 12.540288679443208 45.643352866321209 34.214630590138171 66.716952219302968 1
 200.07514949901511 42.997598352158278 151.23636901041073 19.416248552778725 159.15370259272314 53.750836116235028 81.053891500252192 203.67760278589569 43.447737699555162 164.77758395363873 172.88433201402481 186.8793828823689 -1
 268.97775333538112 80.734359476834172 212.46507372116406 47.129427208557225 229.6793088694495 96.054888606621091 127.76042778346624 278.55435759634622 57.325926933307137 242.50360220419958 239.42039853705731 224.71913942715739 -1
 84.637616218372258 6.846002893114659 50.484373156129458 4.3423125064867945 40.243922465095544 -13.205144094015544 15.228994687910616 75.39904568418487 18.147441332988464 55.125653885909529 50.250411713133062 93.272966243715686 -1
 73.328578662278986 3.3101450974174838 47.800027649778883 0.22157741858750488 35.089370895431891 -12.813526971600497 17.219760980058723 64.025062764774788 14.809501406577562 50.657354785645737 44.359024509537868 78.041380100500007 1
 63.076435428641524 4.082724345296973 40.349609398189301 3.339788450247263 25.259471929011443 -16.856603952868973 14.945444773142155 52.222916529289627 12.137939321618445 44.850264377837028 32.290377005362927 64.324196999838307 1
 51.599732941509004 -4.7527283320781484 32.680617314296086 -5.2596643838455828 16.08964991745507 -21.64074085458898 9.0479149359834956 40.427836310064897 9.7765417838118864 32.250445127569073 24.712534637227549 58.75125124554512 1
 58.882518712040955 -4.041632367015116 38.078669027274792 -5.8167122347912246 22.980795905336773 -18.324423755873028 11.485196755189852 48.621501914016555 11.528439132767971 37.317730908239895 32.454987093776147 66.938723014497342 1
 59.494395800381817 1.6353318594756689 38.543856410781324 0.84058512327314372 23.111489952128139 -17.57452254486445 14.003507098353946 48.800079205501191 11.023145573985683 42.032102872153246 30.3792658960677 60.931072819176372 1
 69.284380675762833 -0.48402861966446425 42.905230920089338 -2.6388251883221394 29.741069416292888 -16.716491331095053 12.607543777642453 59.506797619699363 14.07747499853409 43.981578532868468 39.711065610040414 78.320057665240327 1
 123.56752938998613 20.42883274579728 93.03548567442887 7.9733208442379571 87.841243196231417 17.817524562274201 48.004316193852837 119.80696993079025 25.722413429357633 100.30072291173153 98.120831722123071 116.58432177796838 -1
 54.14517778484602 -1.1095395208033827 37.148566371290102 -2.3879944352418123 20.463154670008567 -17.794609904758506 14.251558208192728 43.341274084601011 9.8059383501047019 38.689597824382716 27.949435646399554 55.796422214099039 1
 47.91841747063269 -4.3399872893571478 31.759335688893518 -4.7764047741976565 14.374042367140206 -21.329774087486193 10.184629451168101 36.651905630973481 8.5554831543832446 31.934194525615634 22.185297800361447 51.987183714995645 1
 42.222718908060287 -7.163785521112497 25.836637172074006 -6.4814038039930155 7.8049138231395148 -25.65438148155997 5.2904111430214007 30.326440148071722 7.5540390897592724 24.928646579174043 15.989879423364391 49.380980162262489 1
 94.622905647209407 5.8350535858999022 58.906290523577646 1.5754518194861393 50.38135744485789 -7.4639259484629417 19.843385346548384 86.833947482004717 20.032100142986842 61.910006650300758 61.428122552964965 104.53336312642288 -1
 55.416690640136686 -1.2677831860219975 34.888033787649029 -1.6305070391253855 18.936920843527048 -20.212326702158155 10.87013742141262 44.400606055000424 10.349555671295485 36.80416004617468 26.777315308973442 59.749127050735346 1
 228.52843449652528 58.172531602973542 175.06624746460113 30.528150918336284 187.32127899579044 69.692067953382221 97.999136549670482 234.56703197122704 49.593839623134727 195.23132716337398 200.07739725835174 204.60090244268665 -1
 257.17415869710391 71.912943988397203 217.36629480801545 33.02327486579933 232.27021487544803 103.18285490186305 135.59145215168959 268.64639166833126 54.310489905837443 240.08581752639708 244.0116413811308 210.02940870260923 -1
 217.72130133464609 52.756400002286135 170.63397897358638 25.151863130510407 180.68772201675182 68.31456133732172 97.174037998491585 223.49461689263828 46.708899838302003 187.79690303387594 193.33998752789293 193.76108699436293 -1
 55.34067035288767 -3.5652412740808668 35.68046180072033 -4.8890465032010075 19.99668591815999 -19.803444103592142 10.736744038546837 44.859061477317468 10.380253037878363 36.009199592731278 28.92185466323285 61.348597572076983 1
 60.864352796287861 1.6952190639151605 44.025745772986355 -0.80384075125808607 28.410880604957676 -12.423423554184119 19.753468042421154 50.986197661630449 10.841933834187731 46.740246042180679 35.484683290881968 58.748162077989619 1
 70.526282434137457 -2.7979318056220195 46.685932886031864 -6.7992862356591575 33.906623002450083 -13.510419007207783 15.221973891247618 61.731595856979794 14.36929109558354 45.525478110432083 44.973406958705091 80.093712245524117 1
 119.34252036496513 14.166836110710477 75.823937517850212 6.7429348421252806 71.998228615299098 2.3515773070081605 28.093732723504736 113.8262945440607 26.069310812514107 81.746937309539277 84.421405253223028 128.19782242435912 -1
 147.77313431158413 22.4179712206925 103.96065857646619 8.2639853647107131 104.37246067563017 21.662360828809593 47.905993373990498 145.95204987505551 32.059250614763087 111.24455634390209 117.92913234660408 149.27923374931333 -1
 96.441918879704147 13.24542847302757 62.73297187966476 8.6234757111937714 53.880309537090334 -4.0164724034943937 25.581561397591077 88.549086035482915 20.105297946032827 70.117175007187555 62.805032979907018 97.700307803238303 -1
 58.997465934258358 2.9400184152310698 40.380789047433034 1.9120631410096705 24.329574249888427 -15.395178596797589 17.082034623311483 48.254025113383008 10.665457567500516 44.317890965537117 30.704245971171904 57.302056315614045 1
 112.76734182340721 19.017264999520783 76.048079980043084 11.571387264981373 69.811181251394146 4.2590253905420239 33.691012926403772 106.45548229423382 23.962802277414731 85.107412709986676 79.448008782276702 111.67976422282395 -1
 55.347590220625619 4.1890012690168907 35.076581070655486 5.0315304082534347 18.375292499762505 -19.473703096585488 13.363662447102183 43.53600718103165 10.031536201212788 40.596632337339308 23.891866634129578 53.760124401650131 1
 97.088996159152984 9.3756481966075516 61.697981111517777 4.8675825502100381 53.26248546274735 -5.2027142181289241 22.877752818813164 89.275648192890856 20.556500793223847 66.481364991578857 63.432690240446696 103.60909022125701 -1
 114.70808987756635 13.426257330907974 77.25842533882404 5.152742951194262 71.901754315082528 4.9180104877599833 32.5046199217443 109.21980295168373 24.386130903853822 82.623538512887308 83.331773893048947 118.95620026239732 -1
 43.236812063815812 -5.0035409614735942 32.166202895756449 -6.1937069674833989 13.654760602093717 -19.657110095722565 12.923991873863574 32.186407372308892 6.9531001176362146 32.010396855839062 20.90936593827367 43.516011603589277 1
 79.595361930674727 6.2954481452300586 52.5202472477472 2.5350485008117545 40.743998047214575 -9.8870093353208794 20.377346128254224 70.758420687337676 16.117901011014094 56.780568472915078 49.822998937947872 82.489730766935921 1
 128.68724897901339 18.605429669597317 85.252928466787665 8.970613109958272 82.615604536142527 8.6407812135015334 35.299719211188169 124.12721233332078 28.192055545641892 92.604766788370128 94.99885150018153 133.78644567520004 -1
 88.476592279292689 4.1054129784373323 64.387124905511257 -3.3519922343370889 54.130670083608187 -0.60547592235135916 28.688848864861228 81.833476715171955 17.719602028449863 65.44316886171687 64.764751254153467 90.876777781735427 1
 55.19232282777574 -2.4276488888872163 39.591738028121348 -4.6639328672991898 23.335627682862352 -15.478558530874169 16.148028708143361 45.142517633918466 9.6773986887375436 40.22501135250473 31.21972902706732 56.22547306224228 1
 83.704304993165692 1.1977764302203664 53.209969765818265 -3.0852566589027433 42.847388472308893 -10.439597695858806 17.241694912406324 75.466782118353606 17.587983617819184 53.763711196507458 54.2523295994935 94.632693338123985 1
 58.719580211966921 -5.7355181103052288 34.665206172104178 -6.4741824811249327 19.990282650375367 -21.777569179451763 7.2725274932149651 48.24086789952203 11.454796955318532 33.777609657191839 30.010736064514592 70.130482329233274 1
 144.53208845519123 26.235372409620091 110.54913202793689 9.8004361494229819 109.22427851523075 29.186174150139919 58.388883450312974 143.33088185464973 30.473538717253277 119.17612762460978 120.82429784261102 134.84748828023595 -1
 47.6359011372843 -4.5451131915898904 37.620377228685797 -7.3859084977895995 19.967045411774993 -15.424088266135032 16.813138174934544 37.588722810591335 7.8519691629672161 36.939357727759962 27.73255889179784 46.663300247198613 1
 34.00066379649266 -11.025489052179468 21.65781976750338 -9.866962839486332 2.2498990647816308 -27.1843079406359 3.9610308140955364 21.860685402455427 5.1719683691184937 19.12041637510379 10.107980582327309 40.664347006032614 1
 46.541444670245973 -6.0284862354950031 27.775958460978902 -5.2733285092364639 10.66282356026276 -24.532920570843995 5.6001806790758035 34.939884810873245 8.6427061946334494 27.284788573157545 18.972005221387715 54.308681146738238 1
 72.235969597131231 1.5632095656021614 44.717292271071884 -0.61191444660530669 32.21559447875886 -15.334118451150802 13.713818098469167 62.639952881909039 14.769512608677312 46.905569424981913 41.879490863183875 79.97642081386681 1
 43.223371797457652 -5.4448846216976303 28.300987253781635 -5.1280242803257554 10.125539140861511 -23.302647782848137 8.4611535093230952 31.535222462540748 7.3391469171589065 28.383673649333478 17.530699697509938 46.980860691212214 1
 58.863888877059637 -1.540328054250623 40.089865730185387 -3.6272515467580049 24.766690495965531 -16.064711094422112 14.822491165049849 48.839469849471172 10.919967809736891 41.115207891243131 33.150527795847331 61.952715375495913 1
 76.401774243196868 2.2869612943096853 46.369288076551911 0.18800643863655775 34.705032069470306 -14.70874818283967 13.730271762672301 66.874417374617394 15.910855625357977 48.7380873783681 44.590993895036291 85.426518175807274 1
 77.221878722176854 6.6430572369250633 50.131630704982811 3.6800398485553774 37.955276980473293 -11.365528897771293 19.077372245581465 67.990390654179421 15.517342754612086 55.048560378555258 46.512727624340322 79.523918039571228 1
 82.461218384617098 5.5199935355649608 53.863569774159203 1.3146510846514203 42.879068399408901 -9.3957675492352397 19.854236378838685 73.956608814903092 17.153978470479629 57.164439235625885 52.843005318791455 87.805373871034391 1
 66.41480091652538 0.36520907464806046 45.590919531074455 -2.5416773288265575 31.330593520834704 -12.747812342053569 17.865850518879796 56.927163860149314 12.747598104521851 46.887396217533649 39.980038730702717 69.538405993706007 1
 68.688132339688693 4.331944120659541 42.448748179239459 3.4336088237231941 29.009450025879055 -15.985520345267506 14.362313953478624 58.412141602779151 13.401523669158781 47.188412156326692 36.760055158755975 71.654359233836743 1
 99.906492783100319 11.317045909127478 63.042231013848372 6.2149514942019524 55.417923307638887 -5.0211331585335328 22.953942055416547 92.411773732602811 21.452678747481713 68.915173001254814 66.053949220611827 106.3346984129702 -1
 56.547641653058143 -6.4014137038307739 38.473834076579884 -8.849535268789996 22.873826116150536 -17.513803896717107 12.57073861671206 46.643426584517215 10.568449208427337 36.387187766431161 32.629553599722641 64.107740427177973 1
 65.789275671064132 0.073122943102546134 49.412895387181457 -4.9349365260797464 35.091000557435663 -9.1090233527411044 21.942766165370649 57.186269549491065 12.439675533627099 49.887158944189409 44.186274458007965 66.16870705025103 1
 55.990746258962211 -5.6204380580225264 39.420439089256568 -8.4114525909020887 23.574834790554949 -16.363660815220722 14.170878146698483 46.181327329559466 10.327107540094516 37.671343183161802 32.97988315074636 61.686582219622871 1
 87.354758324564031 8.3146790214236326 53.305480105910497 5.5196047347219235 43.381006260543387 -10.84055155038585 17.88105565216549 78.493710366433461 18.300648652423103 58.839470818498953 52.857270979697084 93.627644710903141 -1
 149.05130644644757 29.51706523236377 101.9066205949411 17.717533163662658 101.89897299794497 19.856382369511209 47.602411298646345 145.88049738376517 32.378083753112605 114.0842151881746 112.97251238599078 146.36734176014991 -1
 69.241278256975505 6.1460990205939883 45.688393424265328 4.7839167901349127 31.489543145336953 -12.887312582846382 18.952790504639552 59.014576301766922 13.06936682101477 51.107408491189702 38.123285087235743 68.135494150586212 1
 154.90691732688464 29.475522600203075 125.66086409848943 9.1487210359142299 125.15362406213438 41.161020904644147 71.580770458939426 155.55458638858047 32.230674103635508 133.98409506229075 136.56540646201677 138.59333726068112 -1
 74.401056527471368 11.550518316481289 47.690223752205476 10.205832746036862 34.375680152441944 -12.536387304446793 19.601533414004471 64.01868506646602 14.799842777165408 56.018347114009281 40.686897986404453 71.847393045459498 1
 112.03088602813312 14.725425713873856 74.241701235027392 7.6312986215706751 68.346836624040847 3.0984902669291907 30.971013809946747 105.84585678539887 23.823608836239632 80.778688750580073 78.88421660063085 115.45344940249986 -1
 49.815231617203779 -5.4209033746509947 35.324745030336338 -6.9401146442759662 18.168477915840846 -18.261476932773025 13.233763992720307 39.289683406246333 8.4940656406736395 34.556488654453197 26.209188802886555 52.848395017678818 1
 98.690045517268146 16.328431563343806 67.321520517652587 11.1200993361975 58.070580010401585 0.16613152925338281 31.167889932631756 90.946850769317777 20.056347763403995 76.115952333067966 65.680449961104799 94.744915114121596 -1
 154.61747198361928 31.095908330635066 117.32248071379513 14.283346854502916 117.36783708271007 33.418396118927127 62.935660519621898 153.858969742569 32.556371913705163 128.31429244171019 128.23831537456542 142.37691581319351 -1
 98.626695040973004 13.531523945885624 70.255821014594019 6.28847289165342 61.41275158563711 2.7735715714355358 33.08247223365629 91.979316590707072 20.074844508667095 76.711007642794513 70.390539470942997 95.350834996919829 -1
 49.683736777940538 -3.8402702602534404 32.695315141117611 -4.5406616721322486 15.676766409215418 -21.06402895801159 10.274873077557158 38.541371212728663 9.1320967392943277 32.968980500344614 23.797409630456684 54.268468096181898 1
 70.162402480400047 4.8815140561194754 46.546775305323777 2.4043052124246724 32.993319614484918 -12.768210047933588 18.250791239975282 60.441155310784588 13.780712980114641 50.718985780821988 40.965840839595451 71.393000714864627 1